4077,0
7532,62
10864,25
2936,1
2963,22
471,15
11055,2
10102,0
8066,2
11679,39
2744,4
1421,0
8011,21
2295,1
3089,1
2481,1
11905,7
6298,1
12356,12
12120,11
8411,2
3174,18
7947,2
4222,0
4219,1
1748,0
2317,14
9527,0
17,41
11888,0
9689,1
7740,11
9641,12
9609,0
10981,2
12790,4
1161,14
4080,1
11958,8
6565,1
1578,1
6559,59
6680,6
1151,5
8461,7
1302,0
7832,1
11592,9
11728,8
11212,11
3001,1
5266,6
4929,0
10109,21
9401,19
8796,11
5911,8
10377,6
3698,2
1266,5
2055,0
9380,21
12199,19
8737,0
7894,17
6035,6
7025,4
11129,0
2671,1
9352,24
2461,2
9518,13
8547,5
7522,0
3439,0
2456,0
2696,1
6580,0
2965,1
10651,8
7954,0
2773,19
4666,5
2868,0
9450,12
8322,1
248,8
9428,33
4645,1
2024,3
10101,0
6331,2
2447,10
6345,1
3602,1
9353,5
5257,5
8102,4
12148,6
1116,12
10402,28
5448,1
720,1
8699,3
9191,25
3799,42
1620,1
3093,10
7576,5
4036,3
4696,21
12060,19
9273,5
5382,5
13070,2
13073,1
6013,8
12894,17
12540,20
3870,6
11805,2
4995,2
7904,50
5333,7
29,2
12303,17
5275,18
12321,39
10581,4
1935,2
