895,7
879,17
805,4
1768,9
1573,16
2911,28
1047,6
2619,17
2230,9
1115,10
2202,14
939,19
2563,20
2446,21
868,1
2834,22
2481,2
2817,26
1437,7
2889,18
2763,14
169,2
1079,12
1238,1
1220,10
716,10
1304,17
664,1
1479,4
782,7
1400,21
2405,14
901,12
209,7
1064,2
2434,5
13,14
2073,1
2586,19
2789,16
1321,9
194,20
2549,20
1863,13
1109,9
2035,1
577,23
639,28
2023,18
1484,23
1296,26
1305,21
349,18
1240,13
268,11
73,12
2575,3
1028,4
1011,8
1756,21
634,18
2890,7
1884,23
1469,4
2188,10
2114,8
1900,4
1816,4
2143,22
1520,22
2413,8
2694,27
217,3
816,15
2727,14
1188,2
899,4
1739,5
714,0
2849,27
1243,7
2416,7
2242,9
465,0
2545,2
117,21
869,1
771,9
1631,13
2192,0
487,13
1738,3
2901,23
558,22
1119,22
1196,14
1834,17
1277,10
815,15
1404,15
2996,2
1577,5
133,1
396,8
2303,29
607,13
667,1
2368,21
2957,4
2306,24
2208,8
258,12
2967,8
202,12
2340,5
1637,6
564,15
56,4
1970,18
820,1
913,20
1024,13
2033,3
2245,0
598,7
511,15
1442,12
1104,22
1039,13
847,1
2456,12
2011,9
1435,21
1047,9
1477,5
1177,1
11,7
2988,0
1323,2
2469,30
2785,21
2524,27
2830,24
1085,10
2189,12
2459,9
2866,9
2484,18
2362,10
768,12
