8650,30
4501,6
10078,9
2310,2
833,6
4463,2
7517,16
2856,0
4101,17
12757,0
10602,3
6401,3
2854,4
4395,2
6944,0
9963,2
10827,0
8582,4
4142,10
1160,16
9280,29
8798,19
6818,8
9536,12
7411,12
4068,2
3907,1
5942,2
1208,5
3715,73
12569,27
11866,0
12412,22
6937,2
11456,0
10721,1
6106,25
5666,2
2800,2
7404,1
1786,10
5142,8
2939,1
9758,5
2786,8
1446,0
6549,2
12882,1
5085,17
5861,1
8807,43
3394,1
7157,0
4955,1
2859,6
12389,9
2515,6
652,45
653,2
8673,27
11431,21
10453,8
4977,20
806,40
4112,2
10800,1
9043,3
2410,13
2383,28
8130,30
7859,22
1904,6
5625,64
285,28
8295,13
6290,21
11354,24
6239,0
10861,0
7622,9
11892,10
9224,14
76,4
6899,0
5095,7
4901,4
1454,3
12984,9
10994,1
4542,0
1298,1
11909,1
5189,0
9132,10
5911,9
10023,2
4371,1
3397,42
6570,7
4897,9
1532,2
5061,2
11740,17
8264,28
10014,5
10013,7
3244,0
3564,4
6797,5
9303,1
1830,9
5106,0
5860,2
9518,37
13057,21
3477,2
1281,1
10981,1
11107,36
4074,4
8851,2
10410,2
3795,18
5737,1
7033,4
5751,0
631,12
6656,10
6603,17
10219,6
7616,26
3142,1
10356,0
9930,16
12868,1
7554,14
9834,5
2523,76
4253,3
1846,15
11016,1
5057,30
7881,1
5849,13
10443,7
683,1
7928,2
12191,0
8734,55
9575,25
4430,4
11716,2
8837,0
9386,17
2658,11
13075,5
5529,53
3690,3
1927,39
5363,1
12845,1
6639,1
8990,0
408,45
5473,0
12714,2
12768,2
3545,0
10281,0
9215,13
412,2
4342,2
9573,4
2699,2
2548,27
10758,6
9919,4
4966,15
2217,6
11709,8
9909,1
2813,7
5943,18
8823,12
3988,5
1475,1
7916,15
7311,48
11186,0
6896,1
11413,4
8588,4
7983,4
4731,14
4455,0
4077,0
13061,0
8198,29
4097,5
389,2
11121,5
5382,1
5456,3
10946,1
7634,4
8230,5
12935,20
873,4
3264,2
9070,1
624,6
12784,5
3932,14
12656,5
3126,0
575,1
9820,9
7161,0
12604,2
4642,25
3328,1
9759,36
11977,18
2284,3
9394,1
3479,0
13077,4
80,108
8452,1
11558,19
6377,3
6062,6
9997,4
5322,1
1842,67
3518,2
3402,4
390,10
3643,14
4029,0
1390,1
10219,7
7405,11
11801,22
10774,42
11894,5
8423,10
11849,4
5015,15
3513,1
4191,36
5878,0
12715,2
6275,11
12509,6
5101,0
8326,7
6430,0
8395,10
3462,4
1672,1
11098,7
648,2
5961,6
11695,1
4623,4
6111,26
9565,0
12464,2
5010,14
5434,15
11142,2
11319,0
433,28
12873,0
5604,4
12188,8
9070,2
1671,0
807,2
7736,3
2918,1
10365,29
1333,7
1670,1
1911,35
11063,2
2814,3
9085,13
12134,5
947,17
10507,23
8908,1
2865,1
3675,1
7381,6
4302,2
127,0
4108,2
2992,3
2446,4
12209,21
4835,8
9124,2
10926,1
7091,24
7332,1
4476,2
12603,2
11934,1
2564,9
7504,15
2813,10
11888,2
3257,1
3463,10
11010,0
12933,4
650,0
6403,0
3670,2
11500,35
13069,4
11667,31
4684,56
8993,0
8765,3
5421,26
8088,15
11127,0
8312,1
11465,5
4022,0
2252,3
5228,5
12868,2
10173,13
6335,7
11873,6
11849,12
690,19
2703,23
2189,1
11069,6
11763,1
3280,0
4475,0
12097,3
11703,24
12659,0
6676,11
983,0
11412,24
1222,1
5027,2
9105,19
5024,29
9807,0
2778,1
6134,26
11830,9
8208,2
11890,29
8079,2
6765,19
959,1
6522,21
4286,10
4003,9
9012,1
11486,15
10212,1
2322,23
493,0
10343,0
9433,58
9625,16
6919,5
1354,75
5732,2
5470,17
1673,1
8780,0
2619,0
3782,1
12607,0
10074,0
977,9
11024,0
10297,3
5433,70
541,17
6792,3
676,0
1339,0
2779,36
5792,29
7082,2
6358,5
5486,2
11023,3
6173,1
63,1
12263,5
2623,11
10855,0
12338,14
481,8
10270,0
2073,0
7784,0
12632,28
3040,11
9983,34
8527,2
7553,5
11545,0
9141,3
9016,0
8494,12
2857,17
1034,17
2585,1
3505,24
7645,3
1999,12
10224,5
9178,0
9711,5
11424,0
5643,0
3636,8
7715,1
3729,17
1857,42
7731,1
1122,2
5433,78
980,1
8570,2
5697,0
5515,6
12410,2
11430,2
523,6
8627,3
3187,1
7366,8
2689,5
3110,1
6350,1
12526,0
1090,8
5627,4
4872,8
2685,74
6435,30
12731,4
2296,27
1439,27
12220,20
3473,9
5133,31
4837,10
8320,5
7226,21
12103,9
10836,2
12033,0
800,0
10019,6
11942,2
4664,29
3966,1
12659,2
4295,2
6382,16
2514,7
2878,15
4771,12
6350,0
10975,2
11754,10
1314,32
10965,17
3029,19
8318,6
11590,2
4418,72
522,48
6080,21
7900,1
3491,2
8654,29
6982,3
1252,5
6128,16
8716,2
12646,1
1031,32
8403,5
5907,0
9261,27
7735,2
6882,19
11624,14
651,2
7308,2
1352,1
282,36
4555,0
6533,5
11704,26
7911,0
5085,31
3389,46
11486,29
2961,20
2498,9
2002,4
10156,37
4913,6
2625,1
7886,45
6094,2
7189,8
7448,1
11842,26
10094,1
8849,8
2782,25
10755,2
1773,8
7512,33
5995,2
2377,0
1861,14
4298,10
4914,1
1238,27
1235,4
11785,1
11531,2
1107,11
7255,3
6628,2
10654,17
11829,0
11340,10
7927,30
12846,16
11691,2
7832,2
12319,12
110,9
4022,0
2755,18
89,31
8955,0
397,7
621,7
5272,7
3306,0
1156,24
6418,0
10548,18
3846,5
13055,17
5667,2
3698,2
5760,1
800,2
12736,31
4308,28
12093,8
472,1
8784,1
11351,0
8003,7
10981,2
3472,1
1684,7
2993,12
9626,0
7775,4
2725,10
10052,0
5724,3
6133,34
6305,5
2037,1
2007,12
6439,24
9325,28
1848,1
3127,2
6256,31
11637,1
3325,5
6145,0
12056,9
3998,0
11200,2
2425,8
11524,30
1191,0
11330,0
1701,11
691,0
12395,9
686,2
6269,0
10022,0
6846,1
7581,6
8689,0
2903,33
539,2
13001,21
11589,15
9181,1
8376,2
9066,3
9477,30
9490,1
6968,1
9414,1
8432,4
5617,24
4778,11
7989,7
9890,9
10939,21
11210,63
12105,7
8556,4
4008,1
6968,1
759,4
5835,0
4149,4
1760,8
12503,0
8155,30
6030,4
7334,38
3012,1
862,2
994,1
7122,12
9500,69
12591,16
12366,13
323,10
