0.0,NaN,0.0
0.1,0.04065040650406504,0.16129032258064516
0.2,0.0546875,0.45161290322580644
0.3,0.07515337423312883,0.7903225806451613
0.5,0.09036144578313253,1.2096774193548387
0.6,0.12146596858638743,1.8709677419354838
0.7,0.13056379821958458,2.129032258064516
0.8,0.1361457334611697,2.2903225806451615
0.9,0.13584905660377358,2.3225806451612905
1.0,0.14087117701575533,2.4516129032258065
1.2,0.15077202543142598,2.6774193548387095
1.4,0.1566156615661566,2.806451612903226
1.6,0.15633423180592992,2.806451612903226
1.8,0.15633423180592992,2.806451612903226
2.0,0.15633423180592992,2.806451612903226
2.2,0.15633423180592992,2.806451612903226
2.5,0.15633423180592992,2.806451612903226
